00000 RC1_PumpSpeedCmd          100.000000 0.000000 100.000000
00001 RC2_PumpSpeedCmd          100.000000 0.000000 100.000000
00002 CR_PosCmd                 833.000000 0.000000 1000.000000
00003 PZ_MainHeaterPowCmd       0.000000 0.000000 100.000000
00004 PZ_CL1SprayValveCmd       0.000000 0.000000 100.000000
00005 PZ_CL2SprayValveCmd       0.000000 0.000000 100.000000
00006 AF_MakeupValveCmd         0.000000 0.000000 100.000000
00007 AF_LetdownValveCmd        0.000000 0.000000 100.000000
00008 SD_CtrlValveCmd           0.000000 0.000000 100.000000
00009 TB_SpeedCtrlValveCmd      100.000000 0.000000 100.000000
00010 CC_PumpSpeedCmd           100.000000 0.000000 100.000000
00011 FW_Pump1SpeedCmd          100.000000 0.000000 100.000000
00012 FW_Pump2SpeedCmd          100.000000 0.000000 100.000000
00013 FW_Pump3SpeedCmd          0.000000 0.000000 100.000000
00014 CE_Pump1SpeedCmd          100.000000 0.000000 100.000000
00015 CE_Pump2SpeedCmd          100.000000 0.000000 100.000000
00016 CE_Pump3SpeedCmd          0.000000 0.000000 100.000000
00017 CTRL_RXPowerSetpoint      100.000000 0.000000 110.000000
00018 CTRL_PZPressSetPoint      15.106000 0.000000 18.000000
00019 CTRL_CDLevelSetpoint      0.000000 0.000000 0.000000
00020 CTRL_CDPressSetpoint      0.000000 0.000000 0.000000
00021 CTRL_PZLevelSetPoint      0.000000 0.000000 0.000000
00022 CTRL_RC1FlowSetpoint      0.000000 0.000000 0.000000
00023 CTRL_RC2FlowSetpoint      0.000000 0.000000 0.000000
00024 CTRL_SG1LevelSetpoint     0.000000 0.000000 0.000000
00025 CTRL_SG1PressSetpoint     0.000000 0.000000 0.000000
00026 CTRL_SG2LevelSetpoint     0.000000 0.000000 0.000000
00027 CTRL_SG2PressSetpoint     0.000000 0.000000 0.000000
00028 CTRL_MeanCoolTempSetpoint 0.000000 0.000000 0.000000
00029 CTRL_ColdLegTempSetpoint  0.000000 0.000000 0.000000
00030 CTRL_TBSpeedSetpoint      0.000000 0.000000 0.000000
