00000 RC1_PumpDiffPress    1.051000 0.000000 5.000000
00001 RC1_PumpSpeed        100.000000 0.000000 100.000000
00002 RC1_PumpFlow         8206.600000 0.000000 10000.000000
00003 RC1_PumpTemp         338.150000 0.000000 1000.000000
00004 RC2_PumpDiffPress    1.051000 0.000000 5.000000
00005 RC2_PumpSpeed        100.000000 0.000000 100.000000
00006 RC2_PumpFlow         8206.600000 0.000000 10000.000000
00007 RC2_PumpTemp         338.150000 0.000000 1000.000000
00008 RX_MeanCoolTemp      576.750000 0.000000 1000.000000
00009 RX_InCoolTemp        562.940000 0.000000 1000.000000
00010 RX_OutCoolTemp       590.620000 0.000000 1000.000000
00011 RX_CladTemp          948.280000 0.000000 1000.000000
00012 RX_FuelTemp          948.280000 0.000000 1000.000000
00013 RX_TotalReac         0.000006 -0.000010 0.000010
00014 RX_ReactorPower      100.000000 0.000000 120.000000
00015 RX_ReactorPress      15.166000 0.000000 20.000000
00016 RX_CL1Press          15.365000 0.000000 20.000000
00017 RX_CL2Press          15.365000 0.000000 20.000000
00018 RX_CL1Flow           8801.400000 0.000000 10000.000000
00019 RX_CL2Flow           8801.400000 0.000000 10000.000000
00020 CR_Position          833.000000 0.000000 1000.000000
00021 PZ_Press             15.106000 0.000000 20.000000
00022 PZ_Temp              586.950000 0.000000 1000.000000
00023 PZ_Level             6.000000 0.000000 10.000000
00024 SG1_InletTemp        590.480000 0.000000 1000.000000
00025 SG1_OutletTemp       562.900000 0.000000 1000.000000
00026 SG2_InletTemp        590.480000 0.000000 1000.000000
00027 SG2_OutletTemp       562.900000 0.000000 1000.000000
00028 AF_MakeupValvePos    0.000000 0.000000 100.000000
00029 AF_LetdownValvePos   0.000000 0.000000 100.000000
00030 AF_MakeupFlow        0.000000 0.000000 1000.000000
00031 AF_LetdownFlow       0.000000 0.000000 1000.000000
00032 SG1_InletWaterTemp   495.770000 0.000000 1000.000000
00033 SG1_OutletSteamTemp  553.080000 0.000000 1000.000000
00034 SG1_InletWaterFlow   745.140000 0.000000 1000.000000
00035 SG1_OutletSteamFlow  745.140000 0.000000 1000.000000
00036 SG1_WaterTemp        553.080000 0.000000 1000.000000
00037 SG1_SteamTemp        553.080000 0.000000 1000.000000
00038 SG1_Press            6.410000 0.000000 20.000000
00039 SG1_Level            15.000000 0.000000 20.000000
00040 SG2_InletWaterTemp   495.770000 0.000000 1000.000000
00041 SG2_OutletSteamTemp  553.080000 0.000000 1000.000000
00042 SG2_InletWaterFlow   745.140000 0.000000 1000.000000
00043 SG2_OutletSteamFlow  745.140000 0.000000 1000.000000
00044 SG2_WaterTemp        553.080000 0.000000 1000.000000
00045 SG2_SteamTemp        553.080000 0.000000 1000.000000
00046 SG2_Press            6.410000 0.000000 20.000000
00047 SG2_Level            15.000000 0.000000 20.000000
00048 SD_CtrlValvePos      0.000000 0.000000 100.000000
00049 TB_Speed             157.080000 0.000000 250.000000
00050 TB_InSteamPress      6.410000 0.000000 20.000000
00051 TB_OutSteamPress     5200.000000 0.000000 10000.000000
00052 TB_SpeedCtrlValvePos 100.000000 0.000000 100.000000
00053 TB_InSteamFlow       1490.280000 0.000000 2000.000000
00054 GN_GenElecPow        789.000000 0.000000 1000.000000
00055 GN_GridFreq          50.000000 0.000000 100.000000
00056 GN_GenFreq           50.000000 0.000000 100.000000
00057 CD_Level             1.000000 0.000000 2.000000
00058 CD_SteamTemp         306.460000 0.000000 1000.000000
00059 CD_CondTemp          306.460000 0.000000 1000.000000
00060 CD_Press             5200.000000 0.000000 10000.000000
00061 CD_InSteamFlow       1490.280000 0.000000 2000.000000
00062 CD_OutCondFlow       1490.280000 0.000000 2000.000000
00063 CC_PumpInletTemp     298.150000 0.000000 1000.000000
00064 CC_PumpOutletTemp    302.480000 0.000000 1000.000000
00065 CC_PumpSpeed         100.000000 0.000000 100.000000
00066 CC_PumpFlow          173000.000000 0.000000 200000.000000
00067 CC_PumpTemp          338.150000 0.000000 1000.000000
00068 FW_TankPress         1.000000 0.000000 2.000000
00069 FW_TankLevel         4.000000 0.000000 10.000000
00070 FW_Pump1DiffPress    5.410000 0.000000 20.000000
00071 FW_Pump1Flow         745.140000 0.000000 1000.000000
00072 FW_Pump1Speed        100.000000 0.000000 120.000000
00073 FW_Pump1Temp         343.150000 0.000000 1000.000000
00074 FW_Pump2DiffPress    5.410000 0.000000 20.000000
00075 FW_Pump2Flow         745.140000 0.000000 1000.000000
00076 FW_Pump2Speed        100.000000 0.000000 120.000000
00077 FW_Pump2Temp         343.150000 0.000000 1000.000000
00078 FW_Pump3DiffPress    5.410000 0.000000 20.000000
00079 FW_Pump3Flow         0.000000 0.000000 1000.000000
00080 FW_Pump3Speed        0.000000 0.000000 120.000000
00081 FW_Pump3Temp         343.150000 0.000000 1000.000000
00082 CE_Pump1DiffPress    0.994800 0.000000 20.000000
00083 CE_Pump1Speed        100.000000 0.000000 120.000000
00084 CE_Pump1Flow         745.140000 0.000000 1000.000000
00085 CE_Pump1Temp         343.150000 0.000000 1000.000000
00086 CE_Pump2DiffPress    0.994800 0.000000 20.000000
00087 CE_Pump2Speed        100.000000 0.000000 120.000000
00088 CE_Pump2Flow         745.140000 0.000000 1000.000000
00089 CE_Pump2Temp         343.150000 0.000000 1000.000000
00090 CE_Pump3DiffPress    0.994800 0.000000 20.000000
00091 CE_Pump3Speed        0.000000 0.000000 120.000000
00092 CE_Pump3Flow         0.000000 0.000000 1000.000000
00093 CE_Pump3Temp         343.150000 0.000000 1000.000000
00094 INT_SimulationTime   0.000000 0.000000 65535.000000
